Feature: fixed acidity, Outliers (abs(Z-Score) > 3):
243    3.836871
244    3.836871
347    3.147651
374    3.262521
381    3.090215
391    3.090215
442    4.181482
544    3.434826
554    4.124047
555    4.124047
557    4.181482
652    4.353787
Number of outliers for feature 'fixed acidity': 12
Feature: volatile acidity, Outliers (abs(Z-Score) > 3):
38      3.363010
120     3.027926
126     4.479955
127     4.479955
199     3.139620
672     3.977330
690     3.670170
724     3.279239
1299    5.876138
1312    3.642246
Number of outliers for feature 'volatile acidity': 10
Feature: citric acid, Outliers (abs(Z-Score) > 3):
151    3.742403
Number of outliers for feature 'citric acid': 1
Feature: residual sugar, Outliers (abs(Z-Score) > 3):
33      5.788377
163     3.376906
164     3.305980
274     3.164129
324     6.001153
325     6.001153
396     3.802460
400     3.802460
480     9.192806
494     4.086162
595     3.802460
649     4.298939
652     3.518757
911     4.582641
917     4.440790
923     4.440790
1043    4.511716
1071    3.944311
1074    3.944311
1079    4.086162
1081    4.086162
1186    3.731534
1235    7.348740
1244    7.703368
1434    9.121880
1435    9.121880
1474    7.987070
1476    7.987070
1574    8.057996
1589    3.731534
Number of outliers for feature 'residual sugar': 30
Feature: chlorides, Outliers (abs(Z-Score) > 3):
17       5.960515
19       5.386844
42       5.195621
81       8.000235
83       6.661669
106      8.063976
147      3.155902
151     11.102308
169      5.790539
181      3.878302
226      5.301856
240      3.729573
258     11.123555
281      5.748045
291      5.429339
451      6.916634
568      3.453361
692      7.107857
730      6.364210
754      6.959128
776      3.304631
777      3.262137
1051     6.937881
1165     5.981762
1260     6.704163
1319     6.937881
1370     6.959128
1372     6.959128
1374     3.814561
1558     3.134654
1570     3.028419
Number of outliers for feature 'chlorides': 31
Feature: free sulfur dioxide, Outliers (abs(Z-Score) > 3):
14      3.453589
15      3.357988
57      3.262387
396     4.983202
400     4.983202
584     3.644790
925     3.549189
926     3.453589
982     3.357988
1131    3.931593
1154    3.262387
1175    3.071185
1231    3.071185
1244    5.365606
1295    3.357988
1296    3.357988
1358    3.453589
1434    3.740391
1435    3.740391
1474    3.071185
1476    3.071185
1558    4.792001
Number of outliers for feature 'free sulfur dioxide': 22
Feature: total sulfur dioxide, Outliers (abs(Z-Score) > 3):
15      3.086524
109     3.238521
354     3.603315
515     3.177722
591     3.116923
636     3.056125
649     3.086524
651     3.299320
672     3.177722
684     3.208122
1079    7.038453
1081    7.372847
1244    3.451317
1493    3.056125
1496    3.056125
Number of outliers for feature 'total sulfur dioxide': 15
Feature: density, Outliers (abs(Z-Score) > 3):
442     3.419279
480     3.101370
554     3.392786
555     3.392786
557     3.392786
608     3.101370
836    -3.235611
837    -3.235611
889     3.255026
1017   -3.537625
1018   -3.537625
1114   -3.468744
1269   -3.150836
1270   -3.129642
1434    3.678904
1435    3.678904
1474    3.005997
1476    3.005997
Number of outliers for feature 'density': 18
Feature: pH, Outliers (abs(Z-Score) > 3):
45      3.814368
95      3.490505
151    -3.699244
695     3.814368
1111    3.037098
1300    3.037098
1316    4.526866
1321    4.526866
Number of outliers for feature 'pH': 8
Feature: sulphates, Outliers (abs(Z-Score) > 3):
13      5.320437
17      3.668587
43      3.196630
81      3.668587
86      7.621227
88      3.314620
91      7.621227
92      7.798211
106     3.845571
151     7.916200
169     5.497421
226     5.615410
258     3.550598
339     4.140544
340     3.078641
614     4.140544
639     4.140544
692     3.019646
723     5.674404
795     3.078641
1051    4.022555
1288    3.019646
1289    3.019646
1319    3.963560
1367    3.078641
1370    3.019646
1372    3.019646
Number of outliers for feature 'sulphates': 27
Feature: alcohol, Outliers (abs(Z-Score) > 3):
142     3.356597
144     3.356597
467     3.356597
588     3.356597
652     4.201138
821     3.356597
1269    3.356597
1270    3.356597
Number of outliers for feature 'alcohol': 8
